 30  1  JUPITER RJ= 71,492. rcore=0.8, r=[2.,2.5], I30 E1, 620ev, Jun 28, 2021
   1   410993.4    (1.0) g 1 0
   2   -71305.9    (1.0) g 1 1
   3    20958.4    (1.0) h 1 1   1.00000
   4    11796.7    (1.0) g 2 0
   5   -56972.4    (1.0) g 2 1
   6    48250.2    (1.0) g 2 2
   7   -42549.0    (1.0) h 2 1
   8    20221.5    (1.0) h 2 2   0.06821
   9     2799.3    (1.0) g 3 0
  10   -37488.4    (1.0) g 3 1
  11    15396.8    (1.0) g 3 2
  12    -1489.8    (1.0) g 3 3
  13   -32890.6    (1.0) h 3 1
  14    42518.4    (1.0) h 3 2
  15   -27397.7    (1.0) h 3 3   0.06068
  16   -34402.0    (1.0) g 4 0
  17    -8080.8    (1.0) g 4 1
  18    -2440.5    (1.0) g 4 2
  19   -10848.3    (1.0) g 4 3
  20   -17919.1    (1.0) g 4 4
  21    32452.4    (1.0) h 4 1
  22    27438.6    (1.0) h 4 2
  23     -501.4    (1.0) h 4 3
  24    -1325.1    (1.0) h 4 4   0.05018
  25   -18265.7    (1.0) g 5 0
  26     4221.8    (1.0) g 5 1
  27    16599.5    (1.0) g 5 2
  28   -17345.8    (1.0) g 5 3
  29    -2544.5    (1.0) g 5 4
  30    -4987.7    (1.0) g 5 5
  31    45363.1    (1.0) h 5 1
  32     -826.2    (1.0) h 5 2
  33     6000.6    (1.0) h 5 3
  34    10568.8    (1.0) h 5 4
  35    10091.5    (1.0) h 5 5   0.05619
  36   -20968.0    (1.0) g 6 0
  37     9887.6    (1.0) g 6 1
  38    12192.4    (1.0) g 6 2
  39   -12548.7    (1.0) g 6 3
  40     2742.2    (1.0) g 6 4
  41     1557.6    (1.0) g 6 5
  42     8018.2    (1.0) g 6 6
  43    14016.9    (1.0) h 6 1
  44   -10119.1    (1.0) h 6 2
  45     -294.9    (1.0) h 6 3
  46    13948.3    (1.0) h 6 4
  47    -3686.9    (1.0) h 6 5
  48     4783.1    (1.0) h 6 6   0.02905
  49       59.9    (1.0) g 7 0
  50     5366.1    (1.0) g 7 1
  51    -7099.5    (1.0) g 7 2
  52    -1533.4    (1.0) g 7 3
  53    -7055.7    (1.0) g 7 4
  54     3060.6    (1.0) g 7 5
  55    -2488.3    (1.0) g 7 6
  56     3700.8    (1.0) g 7 7
  57    -7654.8    (1.0) h 7 1
  58   -11398.6    (1.0) h 7 2
  59     2171.0    (1.0) h 7 3
  60     5301.6    (1.0) h 7 4
  61    -6618.1    (1.0) h 7 5
  62    -1933.8    (1.0) h 7 6
  63    -5802.9    (1.0) h 7 7   0.01062
  64    10849.5    (1.0) g 8 0
  65     1323.8    (1.0) g 8 1
  66    -6952.2    (1.0) g 8 2
  67      -95.0    (1.0) g 8 3
  68    -4746.6    (1.0) g 8 4
  69    -1301.7    (1.0) g 8 5
  70    -4284.6    (1.0) g 8 6
  71    -1436.7    (1.0) g 8 7
  72    -3024.6    (1.0) g 8 8
  73    -2297.4    (1.0) h 8 1
  74   -12833.5    (1.0) h 8 2
  75    10019.6    (1.0) h 8 3
  76    -1725.6    (1.0) h 8 4
  77     2387.1    (1.0) h 8 5
  78    -3237.1    (1.0) h 8 6
  79      906.1    (1.0) h 8 7
  80    -3178.3    (1.0) h 8 8   0.01347
  81     8914.4    (1.0) g 9 0
  82    -3506.7    (1.0) g 9 1
  83      288.1    (1.0) g 9 2
  84      773.6    (1.0) g 9 3
  85     3592.7    (1.0) g 9 4
  86    -3170.8    (1.0) g 9 5
  87     1406.3    (1.0) g 9 6
  88    -1526.6    (1.0) g 9 7
  89     1313.3    (1.0) g 9 8
  90    -2314.6    (1.0) g 9 9
  91    -7899.6    (1.0) h 9 1
  92    -1328.3    (1.0) h 9 2
  93     6566.5    (1.0) h 9 3
  94    -1275.3    (1.0) h 9 4
  95     3617.1    (1.0) h 9 5
  96     -194.8    (1.0) h 9 6
  97     1960.3    (1.0) h 9 7
  98      956.9    (1.0) h 9 8
  99     1831.7    (1.0) h 9 9   0.00736
 100    -2516.5    (.99) g10 0
 101     1883.2    (.99) g10 1
 102     2836.1    (1.0) g10 2
 103     4259.4    (1.0) g10 3
 104     3776.7    (1.0) g10 4
 105      764.4    (1.0) g10 5
 106     2112.3    (1.0) g10 6
 107      724.8    (1.0) g10 7
 108     2496.3    (1.0) g10 8
 109      840.1    (1.0) g10 9
 110     1179.4    (1.0) g1010
 111    -5689.8    (.99) h10 1
 112     5570.3    (1.0) h10 2
 113    -2541.6    (1.0) h10 3
 114    -1795.2    (1.0) h10 4
 115     -217.8    (1.0) h10 5
 116     -628.3    (1.0) h10 6
 117    -1619.6    (1.0) h10 7
 118      454.6    (1.0) h10 8
 119     -840.0    (1.0) h10 9
 120     1581.4    (1.0) h1010   0.00453
 121     1311.6    (.98) g11 0
 122     3056.9    (.98) g11 1
 123    -2060.6    (.99) g11 2
 124     3550.1    (.99) g11 3
 125      589.7    (.99) g11 4
 126      194.8    (1.0) g11 5
 127    -1073.3    (1.0) g11 6
 128     -521.7    (1.0) g11 7
 129      685.3    (1.0) g11 8
 130      350.2    (1.0) g11 9
 131     -326.6    (1.0) g1110
 132     1088.8    (1.0) g1111
 133      549.1    (.98) h11 1
 134     4527.6    (.99) h11 2
 135    -4223.0    (.99) h11 3
 136    -2761.9    (1.0) h11 4
 137     -476.0    (1.0) h11 5
 138    -2714.4    (1.0) h11 6
 139    -1349.2    (1.0) h11 7
 140    -1649.0    (1.0) h11 8
 141    -1471.5    (1.0) h11 9
 142     -583.0    (1.0) h1110
 143     -499.8    (1.0) h1111   0.00319
 144     2300.5    (.95) g12 0
 145     1688.4    (.95) g12 1
 146     -291.7    (.96) g12 2
 147      483.2    (.97) g12 3
 148     -581.9    (.98) g12 4
 149     -818.4    (.99) g12 5
 150    -1095.6    (.99) g12 6
 151    -1987.8    (1.0) g12 7
 152      484.5    (1.0) g12 8
 153    -1473.1    (1.0) g12 9
 154     -666.5    (1.0) g1210
 155     -755.4    (1.0) g1211
 156     -220.8    (1.0) g1212
 157     4204.2    (.96) h12 1
 158     2228.0    (.96) h12 2
 159    -1901.1    (.97) h12 3
 160    -1271.2    (.99) h12 4
 161     1073.4    (.99) h12 5
 162    -1111.9    (1.0) h12 6
 163      872.9    (1.0) h12 7
 164     -837.9    (1.0) h12 8
 165     -462.8    (1.0) h12 9
 166      -22.0    (1.0) h1210
 167      110.3    (1.0) h1211
 168     -712.7    (1.0) h1212   0.00188
 169      751.5    (.90) g13 0
 170     -456.4    (.90) g13 1
 171     1160.4    (.91) g13 2
 172    -2307.8    (.93) g13 3
 173      -77.1    (.94) g13 4
 174      -16.9    (.97) g13 5
 175      594.8    (.98) g13 6
 176     -950.7    (.99) g13 7
 177     1042.3    (1.0) g13 8
 178     -641.8    (1.0) g13 9
 179       41.6    (1.0) g1310
 180     -229.1    (1.0) g1311
 181      -40.3    (1.0) g1312
 182     -287.8    (1.0) g1313
 183     4125.6    (.91) h13 1
 184      -44.0    (.92) h13 2
 185     -455.4    (.93) h13 3
 186     2160.6    (.97) h13 4
 187      255.4    (.97) h13 5
 188     1105.1    (.98) h13 6
 189     1214.2    (.99) h13 7
 190      196.1    (1.0) h13 8
 191     -207.7    (1.0) h13 9
 192     1195.7    (1.0) h1310
 193      472.4    (1.0) h1311
 194      721.6    (1.0) h1312
 195       51.3    (1.0) h1313   0.00150
 196     1164.6    (.83) g14 0
 197    -2478.0    (.83) g14 1
 198      907.7    (.85) g14 2
 199    -1280.7    (.87) g14 3
 200      148.5    (.87) g14 4
 201     1468.8    (.92) g14 5
 202       -8.1    (.94) g14 6
 203      604.5    (.97) g14 7
 204      787.2    (.99) g14 8
 205      327.7    (.99) g14 9
 206      111.6    (1.0) g1410
 207      245.2    (1.0) g1411
 208      127.3    (1.0) g1412
 209      425.9    (1.0) g1413
 210        6.3    (1.0) g1414
 211     -847.8    (.84) h14 1
 212     -124.9    (.85) h14 2
 213      108.8    (.87) h14 3
 214     1456.2    (.92) h14 4
 215    -1284.6    (.93) h14 5
 216      896.5    (.95) h14 6
 217      237.0    (.97) h14 7
 218      225.8    (.98) h14 8
 219      -80.9    (.99) h14 9
 220      696.9    (1.0) h1410
 221      326.5    (1.0) h1411
 222      225.9    (1.0) h1412
 223       71.0    (1.0) h1413
 224      124.4    (1.0) h1414   0.00084
 225      469.4    (.77) g15 0
 226    -1929.2    (.78) g15 1
 227      -38.7    (.78) g15 2
 228     -815.9    (.79) g15 3
 229     -775.7    (.79) g15 4
 230       31.0    (.85) g15 5
 231     -149.9    (.87) g15 6
 232      318.2    (.92) g15 7
 233     -298.3    (.96) g15 8
 234     -149.3    (.97) g15 9
 235      241.4    (.99) g1510
 236      -69.4    (1.0) g1511
 237      367.0    (1.0) g1512
 238      -22.2    (1.0) g1513
 239       91.8    (1.0) g1514
 240      -43.7    (1.0) g1515
 241    -1146.4    (.78) h15 1
 242     -580.4    (.79) h15 2
 243      527.3    (.80) h15 3
 244      120.0    (.85) h15 4
 245     -478.9    (.85) h15 5
 246      148.4    (.89) h15 6
 247       45.7    (.92) h15 7
 248     -882.5    (.95) h15 8
 249     -206.6    (.97) h15 9
 250      -74.9    (.99) h1510
 251       51.0    (1.0) h1511
 252       36.4    (1.0) h1512
 253      -44.4    (1.0) h1513
 254     -285.9    (1.0) h1514
 255      135.1    (1.0) h1515   0.00040
 256     -809.2    (.76) g16 0
 257     -888.9    (.75) g16 1
 258     -604.0    (.76) g16 2
 259     -339.1    (.76) g16 3
 260     -350.6    (.75) g16 4
 261     -503.8    (.78) g16 5
 262     -235.5    (.80) g16 6
 263        9.0    (.85) g16 7
 264     -498.7    (.89) g16 8
 265     -283.2    (.92) g16 9
 266      -50.9    (.96) g1610
 267     -515.2    (.98) g1611
 268     -255.3    (.99) g1612
 269       15.6    (1.0) g1613
 270      -24.7    (1.0) g1614
 271     -176.5    (1.0) g1615
 272       49.2    (1.0) g1616
 273     -932.8    (.76) h16 1
 274     -608.1    (.76) h16 2
 275      510.2    (.76) h16 3
 276     -587.4    (.78) h16 4
 277      -39.4    (.78) h16 5
 278      358.1    (.81) h16 6
 279      279.8    (.84) h16 7
 280      244.5    (.88) h16 8
 281      487.3    (.92) h16 9
 282      366.7    (.96) h1610
 283       93.9    (.98) h1611
 284      282.8    (.99) h1612
 285     -267.7    (1.0) h1613
 286       39.8    (1.0) h1614
 287     -213.1    (1.0) h1615
 288       32.4    (1.0) h1616   0.00028
 289    -1238.7    (.74) g17 0
 290     -190.2    (.74) g17 1
 291     -101.5    (.75) g17 2
 292      -58.0    (.75) g17 3
 293       10.0    (.75) g17 4
 294     -525.9    (.74) g17 5
 295      468.4    (.74) g17 6
 296       88.1    (.77) g17 7
 297     -385.1    (.80) g17 8
 298       77.6    (.84) g17 9
 299       75.7    (.89) g1710
 300     -148.9    (.93) g1711
 301      201.8    (.96) g1712
 302       61.7    (.98) g1713
 303     -243.6    (.99) g1714
 304      168.2    (1.0) g1715
 305      -42.2    (1.0) g1716
 306        7.3    (1.0) g1717
 307     -209.2    (.75) h17 1
 308      -15.8    (.75) h17 2
 309       54.4    (.75) h17 3
 310      308.7    (.75) h17 4
 311      722.0    (.74) h17 5
 312      233.3    (.75) h17 6
 313      -82.1    (.76) h17 7
 314      221.5    (.80) h17 8
 315      488.6    (.84) h17 9
 316      206.3    (.89) h1710
 317      176.7    (.93) h1711
 318      353.4    (.96) h1712
 319      204.8    (.99) h1713
 320      -29.5    (.99) h1714
 321       12.8    (1.0) h1715
 322      -89.6    (1.0) h1716
 323     -166.6    (1.0) h1717   0.00019
 324     -796.0    (.69) g18 0
 325      443.6    (.70) g18 1
 326      266.9    (.71) g18 2
 327      391.2    (.72) g18 3
 328      366.2    (.73) g18 4
 329      175.8    (.74) g18 5
 330      512.5    (.73) g18 6
 331      151.0    (.73) g18 7
 332      214.9    (.73) g18 8
 333      243.4    (.75) g18 9
 334      337.5    (.79) g1810
 335      -10.2    (.84) g1811
 336      -34.9    (.89) g1812
 337      161.2    (.94) g1813
 338      222.3    (.97) g1814
 339     -119.6    (.99) g1815
 340       28.0    (1.0) g1816
 341      132.6    (1.0) g1817
 342     -180.6    (1.0) g1818
 343      670.9    (.70) h18 1
 344     -176.1    (.72) h18 2
 345     -340.3    (.73) h18 3
 346       37.0    (.74) h18 4
 347      304.3    (.74) h18 5
 348     -348.8    (.74) h18 6
 349     -291.9    (.73) h18 7
 350      165.6    (.74) h18 8
 351      360.9    (.75) h18 9
 352     -119.0    (.79) h1810
 353      100.1    (.84) h1811
 354       26.9    (.89) h1812
 355        1.0    (.94) h1813
 356      -60.2    (.97) h1814
 357       66.5    (.99) h1815
 358      277.8    (1.0) h1816
 359       29.1    (1.0) h1817
 360       15.3    (1.0) h1818   0.00017
 361     -493.7    (.63) g19 0
 362      486.7    (.62) g19 1
 363      -62.0    (.66) g19 2
 364      539.2    (.67) g19 3
 365      187.4    (.68) g19 4
 366      136.8    (.71) g19 5
 367       -9.4    (.71) g19 6
 368     -581.2    (.73) g19 7
 369      291.8    (.72) g19 8
 370     -198.1    (.72) g19 9
 371       95.5    (.72) g1910
 372     -372.6    (.75) g1911
 373      190.7    (.78) g1912
 374     -119.6    (.84) g1913
 375      -11.9    (.90) g1914
 376       74.4    (.95) g1915
 377     -391.4    (.98) g1916
 378      -33.1    (.99) g1917
 379     -118.0    (1.0) g1918
 380      -57.2    (1.0) g1919
 381       85.8    (.65) h19 1
 382     -412.1    (.64) h19 2
 383     -502.0    (.66) h19 3
 384     -425.1    (.70) h19 4
 385     -232.2    (.71) h19 5
 386     -477.0    (.73) h19 6
 387     -463.5    (.73) h19 7
 388       73.6    (.73) h19 8
 389     -228.3    (.72) h19 9
 390      -96.8    (.72) h1910
 391     -256.0    (.75) h1911
 392     -228.0    (.78) h1912
 393      119.3    (.85) h1913
 394      -76.9    (.92) h1914
 395     -319.8    (.95) h1915
 396     -284.0    (.97) h1916
 397      197.9    (.99) h1917
 398     -239.6    (1.0) h1918
 399      302.6    (1.0) h1919   0.00019
 400     -319.9    (.56) g20 0
 401      113.6    (.56) g20 1
 402     -262.2    (.58) g20 2
 403       94.2    (.60) g20 3
 404     -306.7    (.62) g20 4
 405     -139.2    (.63) g20 5
 406     -291.5    (.63) g20 6
 407     -716.6    (.68) g20 7
 408       55.5    (.70) g20 8
 409     -219.0    (.72) g20 9
 410     -165.1    (.71) g2010
 411     -206.6    (.71) g2011
 412     -115.7    (.71) g2012
 413     -117.5    (.74) g2013
 414      -56.9    (.78) g2014
 415       -6.9    (.86) g2015
 416       31.4    (.92) g2016
 417     -146.9    (.96) g2017
 418      453.7    (.98) g2018
 419     -256.5    (.99) g2019
 420      424.2    (1.0) g2020
 421     -297.6    (.57) h20 1
 422      -13.7    (.58) h20 2
 423     -118.4    (.60) h20 3
 424      105.6    (.61) h20 4
 425      101.9    (.62) h20 5
 426       45.3    (.65) h20 6
 427     -213.0    (.67) h20 7
 428      372.5    (.71) h20 8
 429     -382.8    (.72) h20 9
 430      154.2    (.71) h2010
 431     -290.3    (.71) h2011
 432       17.1    (.71) h2012
 433        6.7    (.74) h2013
 434       13.2    (.80) h2014
 435      -49.3    (.85) h2015
 436      -32.2    (.91) h2016
 437     -152.8    (.95) h2017
 438       62.2    (.99) h2018
 439        8.5    (1.0) h2019
 440       35.0    (1.0) h2020   0.00013
 441      -71.5    (.50) g21 0
 442     -157.0    (.51) g21 1
 443     -127.9    (.52) g21 2
 444      -73.9    (.53) g21 3
 445      -98.0    (.57) g21 4
 446      222.1    (.57) g21 5
 447     -299.3    (.58) g21 6
 448     -124.8    (.61) g21 7
 449      155.6    (.61) g21 8
 450       61.0    (.64) g21 9
 451     -137.5    (.68) g2110
 452      -52.1    (.70) g2111
 453     -177.1    (.70) g2112
 454      -51.6    (.69) g2113
 455       44.3    (.69) g2114
 456       35.7    (.73) g2115
 457     -365.8    (.80) g2116
 458       91.4    (.85) g2117
 459     -200.6    (.92) g2118
 460       28.0    (.97) g2119
 461     -113.8    (.99) g2120
 462       16.7    (1.0) g2121
 463     -155.8    (.51) h21 1
 464      312.3    (.53) h21 2
 465      291.1    (.54) h21 3
 466      207.9    (.54) h21 4
 467      165.8    (.58) h21 5
 468      291.2    (.59) h21 6
 469      198.8    (.61) h21 7
 470      442.1    (.64) h21 8
 471     -104.0    (.64) h21 9
 472      209.6    (.67) h2110
 473      -45.0    (.70) h2111
 474     -139.6    (.70) h2112
 475      229.4    (.69) h2113
 476      -59.8    (.70) h2114
 477      -30.0    (.73) h2115
 478     -182.0    (.78) h2116
 479      162.1    (.85) h2117
 480      131.7    (.93) h2118
 481     -356.9    (.97) h2119
 482      379.5    (.99) h2120
 483     -318.6    (1.0) h2121   0.00011
 484      -48.6    (.45) g22 0
 485     -197.9    (.45) g22 1
 486      -16.4    (.46) g22 2
 487       84.0    (.47) g22 3
 488      155.6    (.48) g22 4
 489      194.9    (.51) g22 5
 490      -91.6    (.52) g22 6
 491       55.5    (.54) g22 7
 492      183.6    (.56) g22 8
 493       43.1    (.58) g22 9
 494      -16.4    (.61) g2210
 495     -149.6    (.63) g2211
 496       33.1    (.64) g2212
 497      -39.4    (.67) g2213
 498      123.4    (.67) g2214
 499      -62.2    (.67) g2215
 500      -74.9    (.68) g2216
 501      -28.0    (.71) g2217
 502      142.1    (.78) g2218
 503      147.2    (.87) g2219
 504     -307.5    (.93) g2220
 505      228.2    (.98) g2221
 506     -365.4    (.99) g2222
 507      -52.5    (.46) h22 1
 508      180.6    (.45) h22 2
 509      182.5    (.46) h22 3
 510      -69.5    (.49) h22 4
 511      -24.5    (.52) h22 5
 512       93.2    (.53) h22 6
 513      188.1    (.55) h22 7
 514       54.5    (.58) h22 8
 515      -68.5    (.59) h22 9
 516       93.8    (.60) h2210
 517      -87.3    (.63) h2211
 518     -175.3    (.66) h2212
 519      202.4    (.67) h2213
 520      -49.8    (.67) h2214
 521     -129.2    (.67) h2215
 522     -241.1    (.68) h2216
 523      -63.6    (.70) h2217
 524       68.4    (.79) h2218
 525      168.1    (.88) h2219
 526     -160.0    (.93) h2220
 527       62.6    (.98) h2221
 528     -117.5    (.99) h2222   0.00006
 529      -53.7    (.42) g23 0
 530     -120.7    (.42) g23 1
 531       23.0    (.40) g23 2
 532       53.9    (.41) g23 3
 533      -25.8    (.42) g23 4
 534     -185.5    (.43) g23 5
 535       65.2    (.43) g23 6
 536      -45.7    (.46) g23 7
 537      -22.3    (.48) g23 8
 538      -34.5    (.52) g23 9
 539       10.4    (.54) g2310
 540     -158.9    (.55) g2311
 541      -15.6    (.58) g2312
 542      -59.4    (.61) g2313
 543      122.2    (.65) g2314
 544     -119.5    (.66) g2315
 545      -18.3    (.65) g2316
 546      108.2    (.65) g2317
 547      -35.6    (.66) g2318
 548      -94.6    (.71) g2319
 549      147.0    (.78) g2320
 550      -88.5    (.88) g2321
 551      199.1    (.95) g2322
 552     -121.6    (.99) g2323
 553       52.8    (.40) h23 1
 554       -2.1    (.41) h23 2
 555      -51.9    (.41) h23 3
 556      -92.9    (.41) h23 4
 557       -7.9    (.42) h23 5
 558       21.1    (.43) h23 6
 559       16.4    (.46) h23 7
 560      -51.3    (.50) h23 8
 561     -135.8    (.53) h23 9
 562       56.1    (.52) h2310
 563     -172.6    (.55) h2311
 564       40.8    (.58) h2312
 565       21.3    (.61) h2313
 566       19.6    (.65) h2314
 567      -63.1    (.66) h2315
 568     -135.9    (.66) h2316
 569       -3.1    (.65) h2317
 570       55.9    (.66) h2318
 571      -63.5    (.71) h2319
 572       -6.3    (.79) h2320
 573      188.1    (.89) h2321
 574     -119.3    (.95) h2322
 575      313.2    (.99) h2323   0.00003
 576      128.5    (.40) g24 0
 577      -31.9    (.40) g24 1
 578       38.5    (.38) g24 2
 579      -80.7    (.39) g24 3
 580     -118.6    (.38) g24 4
 581     -177.4    (.39) g24 5
 582       44.8    (.39) g24 6
 583      -26.8    (.39) g24 7
 584     -153.3    (.37) g24 8
 585        7.6    (.40) g24 9
 586      -49.6    (.44) g2410
 587      -48.7    (.47) g2411
 588     -122.1    (.51) g2412
 589       -1.7    (.50) g2413
 590       40.1    (.52) g2414
 591      -57.1    (.58) g2415
 592      -82.7    (.62) g2416
 593      170.5    (.64) g2417
 594     -109.1    (.64) g2418
 595       28.0    (.63) g2419
 596      -45.5    (.64) g2420
 597      -42.1    (.71) g2421
 598       16.4    (.80) g2422
 599      -42.7    (.90) g2423
 600      174.8    (.97) g2424
 601       59.4    (.39) h24 1
 602      -45.4    (.40) h24 2
 603      -76.0    (.39) h24 3
 604       13.9    (.38) h24 4
 605       26.5    (.38) h24 5
 606       63.0    (.38) h24 6
 607        9.1    (.39) h24 7
 608       29.6    (.41) h24 8
 609       -7.6    (.41) h24 9
 610       38.3    (.42) h2410
 611      -81.6    (.47) h2411
 612       63.3    (.50) h2412
 613       40.0    (.52) h2413
 614       50.3    (.52) h2414
 615      -52.5    (.57) h2415
 616      -88.2    (.63) h2416
 617       99.9    (.65) h2417
 618       59.3    (.64) h2418
 619      -52.2    (.63) h2419
 620      106.4    (.64) h2420
 621      -62.1    (.71) h2421
 622       34.6    (.80) h2422
 623     -171.1    (.90) h2423
 624       43.5    (.97) h2424   0.00002
 625      203.0    (.33) g25 0
 626       42.3    (.35) g25 1
 627       17.1    (.32) g25 2
 628      -79.5    (.35) g25 3
 629       -1.5    (.34) g25 4
 630       31.4    (.35) g25 5
 631       18.8    (.35) g25 6
 632       21.5    (.35) g25 7
 633      -94.6    (.35) g25 8
 634       35.0    (.35) g25 9
 635      -60.6    (.36) g2510
 636      -11.7    (.37) g2511
 637      -84.7    (.39) g2512
 638       60.1    (.40) g2513
 639        5.8    (.43) g2514
 640       -4.9    (.47) g2515
 641       25.9    (.48) g2516
 642      117.3    (.49) g2517
 643        9.2    (.56) g2518
 644       99.6    (.62) g2519
 645     -126.2    (.60) g2520
 646       34.2    (.60) g2521
 647       25.9    (.62) g2522
 648       23.7    (.70) g2523
 649       89.8    (.82) g2524
 650       63.2    (.93) g2525
 651       -6.2    (.32) h25 1
 652      -62.4    (.35) h25 2
 653      -17.5    (.34) h25 3
 654       72.8    (.35) h25 4
 655       -6.1    (.34) h25 5
 656      -12.2    (.35) h25 6
 657       28.2    (.36) h25 7
 658      -18.0    (.36) h25 8
 659      122.4    (.36) h25 9
 660      -33.4    (.35) h2510
 661       24.0    (.38) h2511
 662       19.7    (.38) h2512
 663       70.6    (.42) h2513
 664       62.2    (.44) h2514
 665      -60.1    (.47) h2515
 666      -54.4    (.48) h2516
 667       54.0    (.49) h2517
 668      -48.5    (.57) h2518
 669       45.4    (.61) h2519
 670       24.9    (.61) h2520
 671      -77.3    (.60) h2521
 672       36.9    (.62) h2522
 673        4.8    (.71) h2523
 674       85.7    (.80) h2524
 675     -262.0    (.92) h2525   0.00002
 676       42.0    (.29) g26 0
 677       69.7    (.31) g26 1
 678      -12.6    (.29) g26 2
 679       -7.0    (.31) g26 3
 680       58.4    (.31) g26 4
 681       71.8    (.30) g26 5
 682       30.1    (.30) g26 6
 683       24.8    (.31) g26 7
 684        0.7    (.31) g26 8
 685        8.7    (.32) g26 9
 686       10.8    (.33) g2610
 687      -21.4    (.32) g2611
 688       -0.1    (.33) g2612
 689       27.6    (.33) g2613
 690       17.1    (.37) g2614
 691       23.1    (.37) g2615
 692       59.9    (.40) g2616
 693       89.4    (.41) g2617
 694       40.0    (.43) g2618
 695      -30.5    (.46) g2619
 696      -42.5    (.49) g2620
 697       29.0    (.55) g2621
 698      -21.3    (.58) g2622
 699        5.1    (.55) g2623
 700     -205.5    (.60) g2624
 701       60.1    (.73) g2625
 702     -142.3    (.81) g2626
 703        5.1    (.28) h26 1
 704      -50.8    (.32) h26 2
 705        9.5    (.29) h26 3
 706       33.9    (.30) h26 4
 707       -7.2    (.31) h26 5
 708      -73.0    (.30) h26 6
 709      -12.9    (.32) h26 7
 710      -48.1    (.32) h26 8
 711       55.4    (.31) h26 9
 712      -60.8    (.32) h2610
 713       39.0    (.32) h2611
 714       46.9    (.32) h2612
 715       43.8    (.32) h2613
 716       29.2    (.36) h2614
 717       -1.9    (.38) h2615
 718        5.8    (.40) h2616
 719       36.0    (.41) h2617
 720     -113.8    (.43) h2618
 721       29.2    (.46) h2619
 722      -22.9    (.51) h2620
 723      -10.0    (.55) h2621
 724      -23.4    (.56) h2622
 725      -30.5    (.55) h2623
 726       66.7    (.57) h2624
 727      126.9    (.73) h2625
 728      -43.3    (.82) h2626   0.00001
 729      -97.3    (.25) g27 0
 730       29.4    (.26) g27 1
 731      -17.8    (.23) g27 2
 732       30.4    (.25) g27 3
 733       23.1    (.24) g27 4
 734       16.1    (.26) g27 5
 735       13.1    (.27) g27 6
 736        8.6    (.25) g27 7
 737       28.3    (.26) g27 8
 738      -14.0    (.27) g27 9
 739       52.4    (.27) g2710
 740       10.3    (.27) g2711
 741       17.4    (.27) g2712
 742      -33.2    (.28) g2713
 743       12.0    (.28) g2714
 744       22.1    (.27) g2715
 745       15.7    (.28) g2716
 746       42.5    (.33) g2717
 747       18.8    (.34) g2718
 748      -62.5    (.37) g2719
 749      -23.7    (.39) g2720
 750       15.4    (.42) g2721
 751      -38.5    (.46) g2722
 752      -10.2    (.50) g2723
 753     -106.4    (.50) g2724
 754      -25.5    (.52) g2725
 755       -2.6    (.56) g2726
 756      -86.8    (.65) g2727
 757       23.2    (.24) h27 1
 758        8.1    (.27) h27 2
 759       16.8    (.24) h27 3
 760      -44.1    (.26) h27 4
 761        6.2    (.26) h27 5
 762      -17.0    (.26) h27 6
 763      -30.2    (.27) h27 7
 764        0.7    (.27) h27 8
 765      -45.5    (.27) h27 9
 766      -18.1    (.26) h2710
 767       13.2    (.28) h2711
 768       31.8    (.27) h2712
 769       20.7    (.27) h2713
 770      -14.4    (.28) h2714
 771       30.7    (.27) h2715
 772       41.0    (.28) h2716
 773       23.0    (.34) h2717
 774      -56.4    (.35) h2718
 775        1.6    (.35) h2719
 776      -14.7    (.39) h2720
 777      -16.3    (.40) h2721
 778      -31.1    (.46) h2722
 779      -32.5    (.51) h2723
 780      -49.2    (.50) h2724
 781       79.7    (.51) h2725
 782      -45.3    (.56) h2726
 783       35.8    (.60) h2727   0.00001
 784      -66.8    (.22) g28 0
 785      -19.6    (.23) g28 1
 786       -3.9    (.20) g28 2
 787       27.8    (.22) g28 3
 788       -9.3    (.20) g28 4
 789       -6.2    (.19) g28 5
 790      -12.2    (.20) g28 6
 791       -6.2    (.20) g28 7
 792       16.7    (.21) g28 8
 793       -9.1    (.22) g28 9
 794       17.8    (.22) g2810
 795       34.2    (.21) g2811
 796       -0.4    (.22) g2812
 797      -30.6    (.22) g2813
 798       -3.2    (.24) g2814
 799        2.9    (.23) g2815
 800        1.7    (.23) g2816
 801      -19.7    (.23) g2817
 802        2.2    (.23) g2818
 803       16.7    (.25) g2819
 804      -20.5    (.30) g2820
 805       -3.5    (.33) g2821
 806        9.8    (.37) g2822
 807        7.6    (.39) g2823
 808       12.8    (.43) g2824
 809      -35.4    (.44) g2825
 810       43.7    (.45) g2826
 811       10.5    (.42) g2827
 812      -23.6    (.55) g2828
 813       -9.5    (.21) h28 1
 814       37.4    (.23) h28 2
 815       14.0    (.20) h28 3
 816      -46.1    (.22) h28 4
 817       -2.3    (.21) h28 5
 818       34.7    (.18) h28 6
 819       -6.7    (.20) h28 7
 820       21.6    (.20) h28 8
 821      -33.1    (.22) h28 9
 822       16.6    (.22) h2810
 823       -0.5    (.20) h2811
 824      -20.5    (.22) h2812
 825       -3.9    (.22) h2813
 826      -16.5    (.24) h2814
 827       14.5    (.23) h2815
 828       20.4    (.23) h2816
 829      -14.2    (.22) h2817
 830       15.7    (.24) h2818
 831      -12.9    (.25) h2819
 832      -11.8    (.28) h2820
 833      -42.8    (.33) h2821
 834       -8.6    (.36) h2822
 835       27.4    (.39) h2823
 836      -67.5    (.43) h2824
 837       -2.2    (.44) h2825
 838      -19.2    (.44) h2826
 839       28.9    (.47) h2827
 840       79.4    (.55) h2828   0.00000
 841       15.3    (.16) g29 0
 842      -22.2    (.17) g29 1
 843        8.2    (.14) g29 2
 844        5.4    (.15) g29 3
 845      -10.1    (.14) g29 4
 846       -4.4    (.15) g29 5
 847      -13.1    (.17) g29 6
 848       -6.5    (.16) g29 7
 849        3.0    (.16) g29 8
 850        4.2    (.14) g29 9
 851      -19.7    (.15) g2910
 852       13.2    (.15) g2911
 853        1.2    (.15) g2912
 854        6.9    (.16) g2913
 855       -7.7    (.16) g2914
 856       -1.8    (.17) g2915
 857        6.1    (.17) g2916
 858      -27.1    (.18) g2917
 859      -11.2    (.20) g2918
 860       40.6    (.18) g2919
 861        8.1    (.17) g2920
 862      -14.3    (.19) g2921
 863       23.9    (.23) g2922
 864       11.5    (.30) g2923
 865        2.0    (.32) g2924
 866       -9.8    (.35) g2925
 867        5.2    (.39) g2926
 868        4.1    (.38) g2927
 869       42.8    (.37) g2928
 870        5.3    (.42) g2929
 871      -23.6    (.15) h29 1
 872       13.4    (.18) h29 2
 873        0.8    (.16) h29 3
 874        9.2    (.18) h29 4
 875       -9.7    (.17) h29 5
 876       17.2    (.16) h29 6
 877       11.0    (.16) h29 7
 878        4.0    (.15) h29 8
 879       14.7    (.14) h29 9
 880       13.9    (.14) h2910
 881       -2.4    (.15) h2911
 882      -28.1    (.16) h2912
 883      -21.7    (.16) h2913
 884        1.6    (.17) h2914
 885        1.5    (.17) h2915
 886       -9.8    (.18) h2916
 887      -21.9    (.19) h2917
 888       26.9    (.19) h2918
 889      -15.6    (.18) h2919
 890      -12.6    (.17) h2920
 891      -28.6    (.20) h2921
 892        8.0    (.24) h2922
 893       25.6    (.28) h2923
 894      -11.0    (.31) h2924
 895      -10.3    (.36) h2925
 896      -17.9    (.40) h2926
 897        2.0    (.38) h2927
 898        5.8    (.37) h2928
 899       40.6    (.44) h2929   0.00000
 900       32.2    (.11) g30 0
 901       -0.1    (.11) g30 1
 902        8.0    (.10) g30 2
 903      -12.8    (.11) g30 3
 904       -0.8    (.10) g30 4
 905       -4.6    (.10) g30 5
 906       -3.2    (.11) g30 6
 907        0.8    (.11) g30 7
 908       -5.9    (.11) g30 8
 909        4.4    (.11) g30 9
 910      -14.3    (.10) g3010
 911       -9.4    (.11) g3011
 912        8.0    (.10) g3012
 913       16.1    (.10) g3013
 914       -3.3    (.10) g3014
 915        3.6    (.11) g3015
 916        3.7    (.11) g3016
 917        1.0    (.12) g3017
 918      -10.9    (.12) g3018
 919        4.3    (.12) g3019
 920       21.2    (.13) g3020
 921       -5.4    (.14) g3021
 922        0.7    (.12) g3022
 923       -5.2    (.13) g3023
 924      -13.0    (.17) g3024
 925        5.0    (.21) g3025
 926      -19.2    (.20) g3026
 927      -14.3    (.25) g3027
 928       32.1    (.34) g3028
 929       28.0    (.29) g3029
 930       26.9    (.19) g3030
 931       -1.0    (.11) h30 1
 932      -10.2    (.12) h30 2
 933       -8.8    (.11) h30 3
 934       29.1    (.12) h30 4
 935       -2.4    (.12) h30 5
 936      -10.4    (.10) h30 6
 937        6.7    (.09) h30 7
 938       -4.9    (.10) h30 8
 939       16.9    (.12) h30 9
 940        2.3    (.11) h3010
 941       -1.6    (.10) h3011
 942       -3.2    (.10) h3012
 943      -14.0    (.10) h3013
 944        8.2    (.11) h3014
 945        0.5    (.10) h3015
 946       -9.8    (.11) h3016
 947       -4.4    (.12) h3017
 948        6.2    (.13) h3018
 949       -5.8    (.12) h3019
 950       -4.7    (.14) h3020
 951        0.1    (.13) h3021
 952       10.2    (.12) h3022
 953       -3.4    (.13) h3023
 954        9.9    (.16) h3024
 955       -2.5    (.23) h3025
 956      -11.7    (.23) h3026
 957      -10.5    (.25) h3027
 958      -21.5    (.34) h3028
 959       14.6    (.27) h3029
 960       38.3    (.17) h3030   0.00000
 961     -213.8    (1.0) G 1 0
 962       12.1    (1.0) G 1 1
 963       -3.2    (1.0) H 1 1
